574.0114135742188
131.39749145507812
78.50508880615234
54.839534759521484
46.02115249633789
45.060768127441406
44.31629180908203
43.248600006103516
43.58634948730469
43.882598876953125
43.112335205078125
42.28144073486328
41.944236755371094
41.76886749267578
41.365238189697266
41.07927322387695
40.922611236572266
40.74296951293945
40.47211456298828
40.21247482299805
40.12549591064453
39.992042541503906
39.69232177734375
39.53342819213867
39.44025421142578
39.236446380615234
39.01280212402344
38.87296676635742
38.71735763549805
38.498008728027344
38.35049057006836
38.185909271240234
38.02066421508789
37.85577392578125
37.75693130493164
37.58327865600586
37.45541763305664
37.35669708251953
37.19391632080078
37.08175277709961
36.988162994384766
36.88037109375
36.81523132324219
36.69154357910156
36.606666564941406
36.52106857299805
36.42115783691406
36.337501525878906
36.28266906738281
36.20706558227539
36.124473571777344
36.07649230957031
35.98626708984375
35.92804718017578
35.825618743896484
35.75558853149414
35.71873474121094
35.664405822753906
35.55025100708008
35.53385543823242
35.457725524902344
35.478721618652344
35.36476135253906
35.353759765625
35.323341369628906
35.2641487121582
35.17594528198242
35.17179870605469
35.127220153808594
35.084381103515625
35.03267288208008
35.011688232421875
34.99911117553711
34.95232009887695
34.92950439453125
34.9324836730957
34.843536376953125
34.821231842041016
34.817466735839844
34.776885986328125
34.74209976196289
34.70307922363281
34.68760299682617
34.74720764160156
34.63955307006836
34.621299743652344
34.58549499511719
34.55821990966797
34.54768371582031
34.52634811401367
34.514366149902344
34.509681701660156
34.489803314208984
34.428401947021484
34.4315071105957
34.4365348815918
34.373165130615234
34.356689453125
34.37038040161133
34.34050750732422
34.344818115234375
34.298988342285156
34.28132247924805
34.27315139770508
34.260337829589844
34.23705291748047
34.214881896972656
34.20703887939453
34.292694091796875
34.202880859375
34.18012237548828
34.275028228759766
34.26808547973633
34.300113677978516
34.2488899230957
34.12714385986328
34.09243392944336
34.19036865234375
34.206398010253906
34.126461029052734
34.03633117675781
34.038063049316406
34.09632110595703
34.142723083496094
34.01008605957031
33.95431137084961
34.01164627075195
34.00933837890625
33.99351501464844
33.92671203613281
33.937713623046875
33.9156608581543
33.92352294921875
33.90690231323242
33.88334655761719
33.936832427978516
33.86508560180664
33.883514404296875
33.87413787841797
33.86354064941406
33.859580993652344
33.84310531616211
33.8346061706543
33.80168914794922
33.82473373413086
33.81441879272461
33.80052185058594
33.79179000854492
33.777099609375
33.79084014892578
33.735206604003906
33.78186798095703
33.74821853637695
33.74821472167969
33.739410400390625
33.76936721801758
33.76111602783203
33.794677734375
33.82803726196289
33.792720794677734
33.787349700927734
33.804931640625
33.785064697265625
33.8546257019043
33.79672622680664
33.71111297607422
33.613685607910156
33.631072998046875
33.680152893066406
33.70949172973633
33.658424377441406
33.630924224853516
33.6469612121582
33.67449951171875
33.632137298583984
33.589378356933594
33.61308670043945
33.64097595214844
33.70273208618164
33.5861930847168
33.592079162597656
33.60726547241211
33.62467575073242
33.65134811401367
33.53993225097656
33.65616226196289
33.71431350708008
33.66899871826172
33.689781188964844
33.642730712890625
33.64775085449219
33.58750915527344
33.54149627685547
33.68680191040039
33.588653564453125
33.58393478393555
33.63945007324219
33.637752532958984
33.609710693359375
33.59715270996094
33.518104553222656
33.53752517700195
33.518585205078125
33.5100212097168
33.5067024230957
33.4854621887207
33.47357940673828
33.45278549194336
33.49272918701172
33.419578552246094
33.40682601928711
33.427398681640625
33.42164611816406
33.39069747924805
33.38850021362305
33.37203598022461
33.346988677978516
33.3690299987793
33.332496643066406
33.33784484863281
33.31330108642578
33.343475341796875
33.33232879638672
33.31960678100586
33.304443359375
33.311710357666016
33.37235641479492
33.320892333984375
33.31236267089844
33.41473388671875
33.344696044921875
33.343231201171875
33.342586517333984
33.31996536254883
33.33480453491211
33.31715393066406
33.29015350341797
33.29286193847656
33.23664855957031
33.21617126464844
33.21522903442383
33.33433532714844
33.28478240966797
33.24402618408203
33.2633056640625
33.25374221801758
33.284461975097656
33.236488342285156
33.28266143798828
33.28955841064453
33.18534469604492
33.171627044677734
33.1685791015625
33.14971160888672
33.14595031738281
33.135738372802734
33.15436935424805
33.20444107055664
33.16263961791992
33.211883544921875
33.238101959228516
33.23775863647461
33.259212493896484
33.27714538574219
33.252899169921875
33.30821990966797
33.27885818481445
33.28310012817383
33.24919128417969
33.2150993347168
33.15237045288086
33.11389923095703
33.12815856933594
33.19785690307617
33.22835922241211
33.19784164428711
33.116127014160156
33.07941818237305
33.08458709716797
33.106319427490234
33.156646728515625
33.095001220703125
33.09325408935547
33.065895080566406
33.05217742919922
33.05978012084961
33.06005859375
33.034481048583984
33.0468864440918
33.04385757446289
33.07429504394531
33.048404693603516
33.06241226196289
33.130462646484375
33.1021728515625
33.07588577270508
33.101478576660156
33.12543487548828
33.06000900268555
33.07660675048828
33.05828094482422
33.0147819519043
33.038387298583984
33.07413101196289
33.05685806274414
33.04463577270508
33.10260009765625
33.118587493896484
33.16011047363281
33.16315460205078
33.11728286743164
33.07658004760742
33.01325225830078
33.023075103759766
33.0696907043457
33.08002853393555
33.06441116333008
32.9820442199707
32.963714599609375
33.01869201660156
33.02765655517578
33.03520965576172
32.984066009521484
32.97612762451172
33.00414276123047
33.0063362121582
33.064208984375
32.96673583984375
32.96424102783203
32.94678497314453
33.0467529296875
33.05039978027344
32.95036697387695
32.997650146484375
33.02053451538086
33.03652572631836
33.050594329833984
32.95032501220703
33.006839752197266
33.09382629394531
33.08467483520508
33.02299118041992
33.103614807128906
33.19584655761719
33.16584396362305
33.10786437988281
33.1481819152832
33.126914978027344
33.066165924072266
33.07692337036133
33.16762161254883
33.16249084472656
33.07850646972656
33.11223220825195
33.098304748535156
33.14753723144531
33.016990661621094
33.11414337158203
33.09566879272461
33.05906295776367
33.05880355834961
33.03188705444336
32.97698211669922
32.97678756713867
32.9838981628418
32.937747955322266
32.95723342895508
32.901039123535156
32.9094352722168
32.942420959472656
32.973575592041016
32.850616455078125
32.88577651977539
32.87738800048828
32.82853698730469
32.831058502197266
32.82316589355469
32.815391540527344
32.809486389160156
32.78596496582031
32.781490325927734
32.79194259643555
32.771881103515625
32.7668342590332
32.733551025390625
32.74332809448242
32.7470588684082
32.77193832397461
32.73929214477539
32.71408462524414
32.69642639160156
32.69516372680664
32.683528900146484
32.68960189819336
32.68546676635742
32.692352294921875
32.67533493041992
32.67917251586914
32.72346496582031
32.72038269042969
32.773983001708984
32.78580093383789
32.83988952636719
32.849937438964844
32.87265396118164
32.800357818603516
32.713706970214844
32.7094841003418
32.6785774230957
32.672462463378906
32.67716598510742
32.7176399230957
32.70695114135742
32.71491241455078
32.68769073486328
32.67388153076172
32.64219284057617
32.64908218383789
32.60902404785156
32.632572174072266
32.591796875
32.66128158569336
32.622093200683594
32.59980773925781
32.62361526489258
32.592742919921875
32.63909149169922
32.66162872314453
32.674896240234375
32.756874084472656
32.788658142089844
32.811100006103516
32.756046295166016
32.68645095825195
32.599910736083984
32.599124908447266
32.64398193359375
32.66271209716797
32.7069206237793
32.66401290893555
32.643409729003906
32.64349365234375
32.61980438232422
32.666046142578125
32.716068267822266
32.7330322265625
32.771095275878906
32.897865295410156
32.884273529052734
32.873863220214844
32.856082916259766
32.71558380126953
32.8450813293457
32.82111740112305
32.797142028808594
32.75730895996094
32.703975677490234
32.68092346191406
32.68019485473633
32.728416442871094
32.62578201293945
32.71882247924805
32.72417449951172
32.63569641113281
32.71443557739258
32.72964096069336
32.670589447021484
32.71686935424805
32.703453063964844
32.6590690612793
32.691463470458984
32.62443923950195
32.615936279296875
32.599788665771484
32.55662155151367
32.49245071411133
32.507789611816406
32.5348014831543
32.533042907714844
32.508033752441406
32.50118637084961
32.47441101074219
32.47916030883789
32.517005920410156
32.50868606567383
32.480560302734375
32.49343490600586
32.527587890625
32.490257263183594
32.472171783447266
32.47077560424805
32.46522521972656
32.477691650390625
32.46722412109375
32.47521209716797
32.46144104003906
32.4713134765625
32.43624496459961
32.45948791503906
32.491397857666016
32.46231460571289
32.55052185058594
32.45078659057617
32.4676513671875
32.46352767944336
32.485721588134766
32.4608154296875
32.46431350708008
32.429256439208984
32.458587646484375
32.48260498046875
32.4636116027832
32.448482513427734
32.442256927490234
32.453529357910156
32.45912170410156
32.433284759521484
32.43840408325195
32.471221923828125
32.48842239379883
32.43497848510742
32.4285888671875
32.44953155517578
32.44892883300781
32.468772888183594
32.430694580078125
32.46760559082031
32.42967987060547
32.45016098022461
32.443843841552734
32.44913864135742
32.43765640258789
32.46445846557617
32.45189666748047
32.430519104003906
32.43694305419922
32.4350471496582
32.435523986816406
32.445404052734375
32.447906494140625
32.427215576171875
32.43431854248047
32.43220138549805
32.48385238647461
32.445091247558594
32.42128372192383
32.45344543457031
32.42610168457031
32.499656677246094
32.42951583862305
32.41091537475586
32.41550064086914
32.445281982421875
32.44322204589844
32.42776870727539
32.42787551879883
32.42241668701172
32.41963195800781
32.4573860168457
32.431396484375
32.43445587158203
32.41193771362305
32.415321350097656
32.3986701965332
32.419551849365234
32.41328811645508
32.41489028930664
32.44343185424805
32.41256332397461
32.43794631958008
32.40138244628906
32.4304084777832
32.41559600830078
32.42643737792969
32.399478912353516
32.42587661743164
32.422210693359375
32.44064712524414
32.40639114379883
32.41926956176758
32.41208267211914
32.426937103271484
32.40325927734375
32.406307220458984
32.46624755859375
32.403324127197266
32.41468048095703
32.42560958862305
32.43775177001953
32.434810638427734
32.3988151550293
32.42892837524414
32.408443450927734
32.40678787231445
32.431884765625
32.438255310058594
32.397193908691406
32.39163589477539
32.3908805847168
32.394378662109375
32.380916595458984
32.405921936035156
32.419677734375
32.39727783203125
32.40656661987305
32.40602111816406
32.39790344238281
32.3943977355957
32.422115325927734
32.410301208496094
32.407867431640625
32.396156311035156
32.43092346191406
32.41709518432617
32.39640808105469
32.397586822509766
32.410526275634766
32.39990997314453
32.3875846862793
32.40056610107422
32.411163330078125
32.385284423828125
32.394222259521484
32.38406753540039
32.409027099609375
32.399784088134766
32.41304016113281
32.408912658691406
32.427799224853516
32.408817291259766
32.37860107421875
32.393516540527344
32.383575439453125
32.38067626953125
32.3834228515625
32.397335052490234
32.41484451293945
32.3868293762207
32.383033752441406
32.37709045410156
32.4017333984375
32.39931869506836
32.391571044921875
32.3960075378418
32.43049621582031
32.37466812133789
32.379005432128906
32.39006805419922
32.36979293823242
32.36331558227539
32.37384796142578
32.38286590576172
32.395713806152344
32.385650634765625
32.391258239746094
32.38661193847656
32.401893615722656
32.393131256103516
32.37101364135742
32.41828155517578
32.36616134643555
32.394371032714844
32.37968826293945
32.36347961425781
32.377410888671875
32.39373016357422
32.40592956542969
32.35972595214844
32.36691665649414
32.43588638305664
32.370765686035156
32.356407165527344
32.37013626098633
32.369354248046875
32.36676788330078
32.37593078613281
32.362945556640625
32.377296447753906
32.370384216308594
32.3741569519043
32.37747573852539
32.37002182006836
32.38023376464844
32.36104202270508
32.394012451171875
32.400360107421875
32.38971710205078
32.36915969848633
32.36289596557617
32.371944427490234
32.3596076965332
32.3586311340332
32.44427490234375
32.35205841064453
32.37265396118164
32.367156982421875
32.36868667602539
32.36214065551758
32.33736801147461
32.35033416748047
32.36345672607422
32.34393310546875
32.3504638671875
32.36805725097656
32.36111831665039
32.369346618652344
32.375694274902344
32.35535430908203
32.3534049987793
32.40143966674805
32.3392219543457
32.36331558227539
32.36408615112305
32.33945083618164
32.37008285522461
32.33754348754883
32.33647918701172
32.3514404296875
32.37013244628906
32.36465835571289
32.324180603027344
32.349300384521484
32.365684509277344
32.40675735473633
32.35514831542969
32.3488655090332
32.35256576538086
32.35850143432617
32.3311767578125
32.361568450927734
32.35230255126953
32.324546813964844
32.35939025878906
32.37073516845703
32.35224914550781
32.3256721496582
32.35000991821289
32.35087203979492
32.37193298339844
32.35648727416992
32.339599609375
32.33926010131836
32.32917022705078
32.37804412841797
32.384647369384766
32.368186950683594
32.32645797729492
32.34054946899414
32.3564338684082
32.346832275390625
32.335472106933594
32.32670974731445
32.331153869628906
32.330753326416016
32.326045989990234
32.33206558227539
32.33282470703125
32.33956527709961
32.37012481689453
32.331642150878906
32.33851623535156
32.327980041503906
32.356204986572266
32.32298278808594
32.346275329589844
32.314022064208984
32.32036209106445
32.32537841796875
32.32643508911133
32.33310317993164
32.31325912475586
32.32634353637695
32.313636779785156
32.32794189453125
32.32438659667969
32.31907272338867
32.31387710571289
32.348899841308594
32.32999801635742
32.318397521972656
32.32904052734375
32.32352066040039
32.329078674316406
32.3306884765625
32.334434509277344
32.33485794067383
32.29926681518555
32.32498550415039
32.31267166137695
32.311119079589844
32.34177780151367
32.33209228515625
32.35582733154297
32.3118896484375
32.32413101196289
32.30162048339844
32.331600189208984
32.30036926269531
32.33201217651367
32.3233642578125